date	cpi	n_oil	ppi	r_oil_world	r_oil	ind_prod	share	int	r	ip	rsr	op_w	op_n
1986-01	109.9	50.09033424	103.2	48.53714558	45.57810213	57.5555	233.28	7.07					
1986-02	109.7	39.11472448	101.7	38.46088936	35.6560843	57.1707	250.07	7.06	-0.001415428	-0.00670817	0.071322924	-0.232687529	-0.245507585
1986-03	109.1	31.27822945	100.3	31.18467542	28.66932122	56.7784	263.5098	6.56	-0.073454449	-0.006885558	0.057834155	-0.209715062	-0.218092196
1986-04	108.7	28.18428184	99.6	28.29747173	25.92850215	56.8228	262.6399	6.06	-0.079280803	0.000781682	0.000366432	-0.097154339	-0.100484771
1986-05	109	31.72990063	100	31.72990063	29.11000058	56.938	276.5	6.15	0.014742282	0.002025303	0.04867084	0.114487011	0.115738945
1986-06	109.4	26.87443541	99.9	26.90133675	24.56529745	56.7427	279.7798	6.21	0.009708814	-0.003435943	0.008129036	-0.165083495	-0.169747003
1986-07	109.5	21.58988257	99.4	21.72020379	19.71678774	57.0569	260.5798	5.83	-0.063143896	0.005522002	-0.072007376	-0.213933101	-0.219864332
1986-08	109.6	30.4200542	99.3	30.63449567	27.75552391	56.9807	278.1399	5.53	-0.052829185	-0.001336402	0.064302251	0.343883806	0.341964438
1986-09	110	32.11382114	99.4	32.30766714	29.19438285	57.0954	256.0598	5.21	-0.05960796	0.002010939	-0.086356205	0.053177891	0.050541443
1986-10	110.2	31.34598013	99.7	31.44030103	28.44462807	57.3542	270.8999	5.18	-0.005774799	0.004522522	0.054521838	-0.027214033	-0.026017
1986-11	110.4	32.81391147	99.8	32.87967081	29.7227459	57.623	277.73	5.35	0.032291505	0.004675718	0.023086802	0.044764016	0.043953285
1986-12	110.8	35.59168925	99.7	35.69878561	32.12246322	58.1006	269.9299	5.53	0.033091255	0.008254197	-0.032103764	0.082262113	0.077642966
1987-01	111.4	41.73441734	100.5	41.52678342	37.46357032	57.9173	308.3599	5.43	-0.018248682	-0.00315986	0.127704758	0.151221931	0.153813429
1987-02	111.8	39.18247516	101	38.79452986	35.04693664	58.663	322.7898	5.59	0.029040153	0.012793073	0.042149497	-0.068059349	-0.066680793
1987-03	112.2	40.40198735	101.2	39.9229124	36.00890138	58.7602	335.5298	5.59	0	0.001655551	0.035138005	0.028671151	0.027077959
1987-04	112.7	41.66666667	101.9	40.88976121	36.97131027	59.1416	334.3999	5.64	0.008904778	0.006469814	-0.007819621	0.02392929	0.026376045
1987-05	113	42.34417344	102.6	41.27112421	37.47271986	59.517	336.8398	5.66	0.003539827	0.006327418	0.004611467	0.009283389	0.013470984
1987-06	113.5	42.57000903	103	41.33010585	37.50661589	59.7996	352.98	5.67	0.001765226	0.004736986	0.042388933	0.001428106	0.000904143
1987-07	113.8	44.78319783	103.5	43.26879017	39.35254642	60.2152	373.3599	5.69	0.00352113	0.00692584	0.053491751	0.045840404	0.048043344
1987-08	114.3	43.06684734	103.8	41.49021902	37.67878157	60.7146	385.8298	6.04	0.059693764	0.008259384	0.028469457	-0.041973881	-0.043463572
1987-09	114.7	41.53116531	103.7	40.04933974	36.20851378	60.8781	375.8499	6.4	0.057893978	0.002689308	-0.029699931	-0.035345526	-0.039802834
1987-10	115	42.57000903	104.1	40.89338043	37.01739916	61.7569	288.5898	6.13	-0.04310324	0.014332206	-0.266795663	0.020856015	0.022093771
1987-11	115.4	40.42457091	104.2	38.79517362	35.02995746	62.091	263.24	5.69	-0.074484502	0.005395341	-0.095412365	-0.052672355	-0.055184427
1987-12	115.6	39.34056007	104.2	37.75485611	34.03162636	62.394	285.8599	5.77	0.013961832	0.004868066	0.080704065	-0.027181741	-0.028913344
1988-01	116	38.23396567	104.6	36.55254844	32.96031523	62.4207	293.7	5.81	0.00690849	0.000427834	0.023602773	-0.032363198	-0.03198601
1988-02	116.2	35.59168925	104.8	33.96153554	30.62968094	62.6908	309.4299	5.66	-0.026156679	0.004317755	0.050450081	-0.073522332	-0.073334765
1988-03	116.5	33.40108401	104.9	31.84088085	28.67045838	62.8421	300.3899	5.7	0.007042283	0.002410525	-0.032228703	-0.064477551	-0.066102236
1988-04	117.2	37.53387534	105.8	35.47625268	32.0254909	63.1885	304.48	5.91	0.036179657	0.005497092	0.007533502	0.108112509	0.110664909
1988-05	117.5	37.08220416	106.5	34.81897104	31.55932269	63.1203	302.6699	6.26	0.057534354	-0.001079893	-0.008519087	-0.018701151	-0.014663142
1988-06	118	35.20776874	107.2	32.84306785	29.83709215	63.2843	315.73	6.46	0.031449133	0.002594844	0.037998354	-0.058421685	-0.056116712
1988-07	118.5	33.7398374	107.9	31.26954347	28.47243662	63.3155	313.98	6.73	0.040945826	0.000492892	-0.009786464	-0.049096127	-0.046815839
1988-08	119	33.87533875	108	31.3660544	28.46667122	63.5859	300.0498	7.06	0.047869908	0.004261583	-0.049591361	0.003081666	-0.000202511
1988-09	119.5	30.14905149	108.1	27.88996438	25.22933179	63.405	311.6699	7.24	0.025176155	-0.002849025	0.033803276	-0.117459314	-0.120726694
1988-10	119.9	27.73261066	108.2	25.63087861	23.1297837	63.7184	321.2598	7.35	0.015079107	0.004930652	0.026963836	-0.084469104	-0.086886153
1988-11	120.3	29.17795845	108.3	26.94178989	24.25432955	63.8175	315.1199	7.76	0.054282021	0.001554073	-0.022627501	0.049880788	0.047474015
1988-12	120.7	34.10117435	109	31.28548106	28.25283708	64.1273	321.2598	8.07	0.039171148	0.004842723	0.015977435	0.149475517	0.15259874
1989-01	121.2	38.30171635	110.5	34.66218674	31.6020762	64.3162	344.2	8.27	0.024481027	0.002941373	0.064838797	0.102495248	0.112028941
1989-02	121.6	37.80487805	110.8	34.11992604	31.08953787	64.026	333.48	8.53	0.030954852	-0.004522293	-0.034934886	-0.015767819	-0.016351461
1989-03	122.2	42.18608853	111.5	37.83505698	34.52216737	64.166	339.4199	8.82	0.033432509	0.002184225	0.012733013	0.103354551	0.104730291
1989-04	123.1	44.87353207	112.3	39.95862161	36.45290989	64.222	356.5798	8.65	-0.019462549	0.000872356	0.041982087	0.054608353	0.054419637
1989-05	123.7	41.68925023	113.2	36.82795957	33.70189994	63.7707	367.8398	8.43	-0.025762549	-0.007051994	0.026227213	-0.081587131	-0.078467074
1989-06	124.1	39.67931346	112.9	35.14553894	31.97366113	63.8022	363.48	8.15	-0.033778845	0.000493835	-0.015151655	-0.046759632	-0.05264174
1989-07	124.5	39.95031617	112.8	35.41694696	32.08860737	63.236	395.6799	7.88	-0.033690023	-0.008913913	0.081663253	0.007692738	0.003588582
1989-08	124.5	38.6630533	112	34.5205833	31.05466129	63.8059	402.8499	7.9	0.002534856	0.008971903	0.017958485	-0.02563467	-0.032752137
1989-09	124.8	40.19873532	112.4	35.7639994	32.2105251	63.576	397.95	7.75	-0.019169916	-0.003609622	-0.014644407	0.03538602	0.036544346
1989-10	125.4	42.9765131	112.8	38.09974566	34.27154155	63.5346	388.5398	7.64	-0.01429524	-0.000651401	-0.028726932	0.063265822	0.062022052
1989-11	125.9	43.38301716	112.7	38.4942477	34.45831387	63.7465	395.5098	7.69	0.00652318	0.003329641	0.013800643	0.010301213	0.005434983
1989-12	126.3	44.82836495	113	39.67111942	35.49355895	64.1419	403.49	7.63	-0.007832938	0.006183536	0.01680405	0.030114633	0.029600942
1990-01	127.5	47.99006323	114.9	41.76680873	37.63926528	63.7117	378.6899	7.64	0.001309758	-0.006729597	-0.072890375	0.051478522	0.058696553
1990-02	128	45.00903342	114.4	39.34356068	35.16330736	64.3504	382.0198	7.74	0.013004084	0.009974931	0.004840876	-0.059769655	-0.06804466
1990-03	128.6	41.48599819	114.2	36.32749404	32.25971865	64.6721	394.1799	7.9	0.020461072	0.004986737	0.026658416	-0.079757453	-0.086183783
1990-04	128.9	37.24028907	114.1	32.63829016	28.89083714	64.5975	385.4399	7.77	-0.016592595	-0.001154177	-0.024752223	-0.107088722	-0.110294861
1990-05	129.1	36.90153568	114.6	32.20029291	28.58368372	64.7028	422.0298	7.74	-0.003868477	0.001628767	0.08914026	-0.013510595	-0.010688435
1990-06	129.9	33.98825655	114.3	29.73600748	26.16493961	64.9174	420.5098	7.73	-0.001292825	0.003311215	-0.009785769	-0.079616865	-0.088415724
1990-07	130.5	38.70822042	114.5	33.80630604	29.66147159	64.8436	420.5999	7.62	-0.014332493	-0.001137476	-0.004394062	0.12828867	0.125428619
1990-08	131.6	61.69828365	116.5	52.95990013	46.88319426	65.043	382.0298	7.45	-0.022562337	0.003070373	-0.104577202	0.448887671	0.457810329
1990-09	132.5	79.11020777	118.4	66.81605386	59.70581718	65.1372	360.47	7.36	-0.0121541	0.001447225	-0.064905507	0.232408353	0.241770176
1990-10	133.4	81.50406504	120.8	67.47025252	61.09750003	64.6442	356.8198	7.17	-0.026154278	-0.007597427	-0.016947331	0.009743418	0.023041493
1990-11	133.7	74.97741644	120.1	62.42915607	56.0788455	63.8853	377.9199	7.06	-0.015460603	-0.011809099	0.055205025	-0.077654386	-0.085712293
1990-12	134.2	63.95663957	118.7	53.88090949	47.6577046	63.4658	387.4199	6.74	-0.046385127	-0.00658811	0.021094109	-0.14725618	-0.162714347
1991-01	134.7	53.16169828	119	44.67369603	39.46673963	63.1915	406.5298	6.22	-0.080290018	-0.00433138	0.044429258	-0.187391359	-0.188586026
1991-02	134.8	44.21860885	117.2	37.72918844	32.80312229	62.7585	435	5.94	-0.046060773	-0.006875771	0.066946681	-0.168950849	-0.18493458
1991-03	134.8	43.20234869	116.2	37.1793018	32.0492201	62.4265	444.21	5.91	-0.005063302	-0.005304162	0.020951393	-0.014681821	-0.023250854
1991-04	135.1	43.20234869	116	37.24340404	31.97805232	62.5503	445	5.65	-0.044990286	0.001981168	-0.000446188	0.001722653	-0.002223046
1991-05	135.6	43.27009937	116.5	37.1417162	31.91010278	63.1756	464.98	5.46	-0.034206755	0.009947118	0.040225981	-0.002734093	-0.002127141
1991-06	136	40.83107498	116.4	35.07824311	30.02284925	63.742	442.0598	5.57	0.019946264	0.008925535	-0.053494737	-0.05715968	-0.060963928
1991-07	136.2	43.85727191	116.1	37.775428	32.20064017	63.8029	462.47	5.58	0.001793722	0.000954958	0.043667015	0.074077755	0.0700276
1991-08	136.6	44.55736224	116.2	38.3454064	32.61885962	63.8503	470.5598	5.33	-0.045837538	0.000742637	0.014408806	0.014975901	0.012904304
1991-09	137	46.25112918	116.1	39.83732057	33.75994831	64.4151	458.4399	5.22	-0.020853836	0.008806797	-0.029017825	0.038169436	0.034384501
1991-10	137.2	50.24841915	116.4	43.16874497	36.62421221	64.2992	462.95	4.99	-0.045061492	-0.001800888	0.008331064	0.080312562	0.081434419
1991-11	137.8	47.42547425	116.4	40.74353458	34.41616419	64.2209	442.4199	4.56	-0.090113286	-0.001218487	-0.049723269	-0.057819571	-0.062183214
1991-12	138.2	41.28274616	115.9	35.61928055	29.87174107	63.9602	492.72	4.07	-0.113679624	-0.004067688	0.104783078	-0.134410087	-0.141613424
1992-01	138.3	41.89250226	115.6	36.23918881	30.29103562	63.596	485.5698	3.8	-0.068641933	-0.00571044	-0.015341342	0.017254017	0.013938896
1992-02	138.6	41.73441734	116	35.97794598	30.11141222	64.0409	491.0798	3.84	0.0104713	0.006971366	0.009116745	-0.007234958	-0.005947571
1992-03	139.1	39.72448058	116.1	34.21574555	28.55821753	64.5973	480.1499	4.04	0.050772325	0.008650673	-0.026109305	-0.050220205	-0.052959519
1992-04	139.4	43.04426378	116.3	37.0114048	30.87823801	65.0756	492.3599	3.75	-0.074488852	0.007377057	0.022957207	0.078540169	0.07810694
1992-05	139.7	45.23486902	117.2	38.59630462	32.38000646	65.2831	492.47	3.63	-0.032523192	0.003183526	-0.001926176	0.041930434	0.047489484
1992-06	140.1	48.05781391	118	40.72696094	34.30250814	65.2957	480.3098	3.66	0.008230499	0.000192987	-0.02786142	0.053733767	0.057677328
1992-07	140.5	45.93495935	117.9	38.96094941	32.69392125	65.8801	498.1099	3.21	-0.13119221	0.008910239	0.033538388	-0.044330457	-0.048029309
1992-08	140.8	44.64769648	117.7	37.93347195	31.7100117	65.5581	487.2698	3.13	-0.025237933	-0.004899651	-0.024135717	-0.02672596	-0.030556708
1992-09	141.1	45.86720867	118	38.87051582	32.5068807	65.715	490.49	2.91	-0.072879923	0.002390438	0.004458503	0.024402128	0.024819323
1992-10	141.7	45.75429088	118.1	38.74199058	32.28954896	66.2013	490.7598	2.86	-0.017331456	0.00737289	-0.003693377	-0.003311975	-0.006708164
1992-11	142.1	43.24751581	117.8	36.71266198	30.43456426	66.4879	505.8599	3.13	0.09021138	0.004319876	0.027486063	-0.053802331	-0.059164672
1992-12	142.3	40.98915989	117.6	34.8547278	28.80475045	66.5431	507.46	3.22	0.028348355	0.000829882	0.001751667	-0.051932919	-0.055038625
1993-01	142.8	39.18247516	118	33.20548742	27.4387081	66.8264	508.5598	3	-0.070769071	0.004248354	-0.001342626	-0.048473643	-0.048585599
1993-02	143.1	41.73441734	118.4	35.24866329	29.16451247	67.1172	509.24	2.93	-0.023609866	0.004342133	-0.000762028	0.059712462	0.060997923
1993-03	143.3	42.34417344	118.7	35.67327164	29.54931852	67.0479	517.6899	2.95	0.006802747	-0.001033056	0.015060348	0.011974107	0.013108038
1993-04	143.8	42.07317073	119.3	35.26669801	29.25811595	67.2498	504.7	2.87	-0.027493141	0.003006755	-0.028895331	-0.011462595	-0.009903678
1993-05	144.2	41.80216802	119.7	34.92244613	28.98902082	67.0325	520.6399	2.96	0.030877239	-0.003236468	0.028316659	-0.009809341	-0.009239838
1993-06	144.3	39.72448058	119.5	33.24224316	27.52909257	67.1532	514.2598	3.07	0.036488293	0.001799	-0.013023288	-0.049308327	-0.051673809
1993-07	144.5	37.85004517	119.2	31.7533936	26.19380289	67.3586	506.95	3.04	-0.009820046	0.00305401	-0.015701248	-0.045821847	-0.049720505
1993-08	144.8	37.73712737	118.7	31.79201969	26.06155205	67.2888	524.47	3.02	-0.006600684	-0.001036782	0.031901877	0.0012157	-0.005061725
1993-09	145	36.11111111	118.7	30.42216606	24.90421456	67.6092	516.72	2.95	-0.023451661	0.004750265	-0.01626735	-0.044043816	-0.045424078
1993-10	145.6	37.39837398	119.1	31.40081778	25.68569641	68.1214	535.49	3.02	0.023451661	0.007547339	0.031551681	0.031662447	0.030897229
1993-11	146	34.05600723	119	28.61849347	23.32603235	68.4089	533.72	3.1	0.02614528	0.004211526	-0.006054345	-0.092780803	-0.096364272
1993-12	146.3	30.62330623	118.6	25.82066293	20.93185662	68.7737	540.1899	3.06	-0.012987196	0.005318471	0.009996701	-0.102878074	-0.108297767
1994-01	146.3	32.11382114	119.1	26.96374571	21.9506638	69.0299	558.1899	2.98	-0.026491615	0.00371834	0.032778483	0.043318152	0.047525142
1994-02	146.7	31.05239386	119.3	26.02882972	21.16727598	69.0418	546.6899	3.25	0.086731696	0.000172374	-0.023547873	-0.035288453	-0.036340977
1994-03	147.1	31.34598013	119.7	26.1871179	21.30929988	69.7582	521.1599	3.5	0.074107972	0.010322858	-0.050547769	0.006062848	0.006687189
1994-04	147.2	34.21409214	119.7	28.58320145	23.24326912	70.125	525	3.68	0.050149784	0.005244387	0.006661779	0.087551577	0.086871998
1994-05	147.5	36.72086721	119.9	30.62624455	24.89550319	70.4978	532.1099	4.14	0.117783036	0.00530214	0.011415815	0.069038123	0.068671603
1994-06	147.9	37.80487805	120.5	31.37334278	25.56110754	70.948	516.3999	4.14	0	0.006365711	-0.032676776	0.02410127	0.026384767
1994-07	148.4	39.81481481	120.7	32.98659056	26.82939003	71.0595	534.0898	4.33	0.044871754	0.00157034	0.030307563	0.050142556	0.04842597
1994-08	149	37.98554652	121.2	31.34121	25.49365538	71.4749	558.1899	4.48	0.034055504	0.005828785	0.040100262	-0.051167287	-0.051068317
1994-09	149.3	35.79494128	121	29.5825961	23.97517835	71.7333	548.1799	4.62	0.030771659	0.003608736	-0.020107108	-0.057747626	-0.061410553
1994-10	149.4	37.10478771	120.9	30.69047784	24.83586861	72.3479	561.3799	4.95	0.068992871	0.008531352	0.023124774	0.03676622	0.035269864
1994-11	149.8	39.06955736	121.5	32.15601429	26.08114644	72.8018	539.6599	5.29	0.066430669	0.006254253	-0.042132532	0.046647064	0.048923771
1994-12	150.1	35.86269196	121.9	29.41976371	23.89253295	73.5563	547.5098	5.6	0.056948352	0.010310419	0.012440567	-0.088932819	-0.087646713
1995-01	150.5	37.37579042	122.9	30.41154631	24.83441224	73.6891	554.47	5.71	0.019452426	0.001803792	0.009970996	0.033155666	0.0386643
1995-02	150.9	38.70822042	123.5	31.3426886	25.65157085	73.5889	575.9299	5.77	0.010453057	-0.001360692	0.035318968	0.030158672	0.03237453
1995-03	151.2	38.43721771	123.9	31.02277458	25.42144028	73.6895	596.6899	5.73	-0.00695655	0.00136612	0.033425498	-0.010259423	-0.009011888
1995-04	151.8	42.32158988	124.6	33.96596299	27.87983523	73.676	612.7598	5.65	-0.014059986	-0.000183218	0.022615067	0.090637336	0.092310752
1995-05	152.1	41.3730804	124.9	33.12496429	27.20123629	73.8858	632.8298	5.67	0.003533573	0.002843556	0.030254158	-0.025071728	-0.024641252
1995-06	152.4	39.18247516	125.3	31.2709299	25.71028554	74.1391	649.6599	5.47	-0.035910501	0.003422401	0.024277044	-0.057598298	-0.056371297
1995-07	152.6	35.81752484	125.3	28.58541488	23.47151038	73.8447	670.72	5.42	-0.009182801	-0.003978819	0.030591291	-0.08979229	-0.091103766
1995-08	152.9	36.29177958	125.1	29.01021549	23.73563086	74.7803	663.73	5.4	-0.003696862	0.012590242	-0.012440316	0.014751408	0.011189969
1995-09	153.1	37.62420958	125.2	30.05128561	24.57492461	75.0755	686.5198	5.28	-0.022472856	0.003939793	0.032452437	0.035257416	0.034749268
1995-10	153.5	36.40469738	125.3	29.05402824	23.71641523	74.9925	683.99	5.28	0	-0.001106165	-0.006301033	-0.033748303	-0.035559164
1995-11	153.7	38.12104788	125.4	30.39955971	24.80224325	75.1822	711.5698	5.36	0.015037877	0.002526392	0.038228134	0.045270986	0.044766669
1995-12	153.9	40.56007227	125.7	32.2673606	26.35482279	75.4725	721.1899	5.14	-0.041910896	0.003853851	0.012128581	0.059628086	0.060717183
1996-01	154.7	40.51490515	126.3	32.0783097	26.18933752	74.9823	745.0198	5	-0.027615167	-0.006516266	0.027323592	-0.00587612	-0.006298923
1996-02	155	40.58265583	126.2	32.15741349	26.1823586	76.153	753.3398	4.83	-0.034591445	0.015492389	0.009168233	0.002462923	-0.000266515
1996-03	155.5	45.14453478	126.4	35.71561296	29.03185516	76.0724	761.7998	4.96	0.026559273	-0.001058956	0.007946789	0.104944916	0.103307833
1996-04	156.1	47.44805781	127.4	37.24337348	30.3959371	76.7608	777.0098	4.95	-0.002018164	0.009008575	0.015918075	0.041886105	0.04591527
1996-05	156.4	43.24751581	128.1	33.76074614	27.65186433	77.3269	798.2898	5.02	0.014042357	0.007347797	0.025098726	-0.098175265	-0.0946158
1996-06	156.7	41.2601626	128	32.23450203	26.33067173	77.9694	796.3599	5.09	0.013847897	0.008274552	-0.004336791	-0.0462614	-0.048958667
1996-07	157	44.28635953	128	34.59871838	28.20787231	77.8351	757.9299	5.15	0.011718884	-0.001723956	-0.051372974	0.07077927	0.068866614
1996-08	157.2	45.0767841	128.3	35.13389252	28.67479905	78.3005	770.3899	5.05	-0.019608471	0.005961502	0.015032775	0.015349623	0.016417556
1996-09	157.7	49.81933153	128.2	38.86063302	31.59120579	78.8378	812.8499	5.09	0.007889587	0.006838589	0.050474103	0.10081547	0.096860129
1996-10	158.2	53.47786811	128	41.77958446	33.80396214	78.7843	826.6599	4.99	-0.019841921	-0.000678839	0.013681336	0.072426077	0.067699235
1996-11	158.7	50.31616983	128.2	39.24818239	31.70521098	79.4683	886.6299	5.03	0.007984074	0.008644462	0.066878709	-0.062502675	-0.064096967
1996-12	159.1	53.11653117	129.1	41.14371121	33.38562613	79.9829	869.97	4.91	-0.024146042	0.006454662	-0.021486226	0.047165955	0.0516444
1997-01	159.4	53.00361337	129.7	40.86631717	33.25195318	80.0837	922.99	5.03	0.024146042	0.001259476	0.057275841	-0.006764907	-0.004011944
1997-02	159.7	47.04155375	128.5	36.60821304	29.45620147	81.0483	923.8899	5.01	-0.003984069	0.011972936	-0.00090578	-0.110033568	-0.121209043
1997-03	159.8	43.38301716	127.3	34.07935362	27.14832113	81.6195	889.2598	5.14	0.025617164	0.007022931	-0.038829456	-0.07158088	-0.081589257
1997-04	159.9	39.45347787	127	31.06573061	24.67384482	81.6408	942.0098	5.16	0.0038835	0.000260933	0.05700066	-0.092586433	-0.095571439
1997-05	159.9	43.22493225	127.4	33.92851825	27.03247795	82.1311	1000.5298	5.05	-0.021548336	0.005987614	0.060269261	0.088150605	0.091295262
1997-06	160.2	39.63414634	127.2	31.15892008	24.74041594	82.5332	1042.97	4.93	-0.024049255	0.004883886	0.039668338	-0.085155344	-0.088600851
1997-07	160.4	41.62149955	126.9	32.79866001	25.9485658	83.1538	1118.8098	5.05	0.024049255	0.007491269	0.068945368	0.051287098	0.047678161
1997-08	160.8	42.20867209	127.2	33.18291831	26.24917419	84.0293	1057.3298	5.14	0.017664836	0.010473642	-0.05900943	0.011647574	0.011518189
1997-09	161.2	41.66666667	127.5	32.67973856	25.84780811	84.7873	1108.3699	4.95	-0.037665503	0.00898022	0.044659231	-0.015279965	-0.015408724
1997-10	161.5	45.28003613	127.8	35.43038821	28.03717407	85.5125	1065.5498	4.97	0.004032264	0.008516797	-0.04125878	0.080814606	0.081305471
1997-11	161.7	42.90876242	127.9	33.54868055	26.53603118	86.2601	1114.0198	5.14	0.033633239	0.008704586	0.043246381	-0.054572341	-0.055027798
1997-12	161.8	38.61788618	126.8	30.4557462	23.8676676	86.5262	1121.3799	5.16	0.0038835	0.003080108	0.005966827	-0.096722849	-0.105978754
1998-01	162	34.07859079	125.4	27.17590972	21.03616715	86.9662	1145.72	5.04	-0.023530497	0.005072279	0.020237949	-0.113943777	-0.126281521
1998-02	162	31.75248419	125	25.40198735	19.60029888	87.0687	1223.7898	5.09	0.009871748	0.001177925	0.065919177	-0.067503496	-0.070698387
1998-03	162	29.53929539	124.7	23.6882882	18.23413296	87.1414	1282.23	5.03	-0.011857846	0.000834624	0.046648312	-0.069846656	-0.07224954
1998-04	162.2	30.23938573	124.9	24.21087729	18.6432711	87.4497	1295.16	4.95	-0.016032408	0.003531684	0.008799684	0.021821249	0.022190007
1998-05	162.6	32.49774164	125.1	25.97741138	19.98631097	88.0124	1272.55	5	0.010050336	0.006413943	-0.020074534	0.070425361	0.069562306
1998-06	162.8	27.23577236	124.8	21.82353554	16.7295899	87.4571	1323.26	4.98	-0.004008021	-0.006329326	0.037846371	-0.174238368	-0.177868586
1998-07	163.2	27.19060524	124.9	21.76990011	16.66091007	87.1484	1307.39	4.96	-0.00402415	-0.003535975	-0.014519594	-0.002460713	-0.00411374
1998-08	163.4	26.82926829	124.2	21.60166529	16.41938084	88.936	1134.73	4.9	-0.012170536	0.020304597	-0.142862786	-0.007757878	-0.014602866
1998-09	163.5	30.17163505	123.8	24.37127225	18.45359942	88.778	1215.64	4.61	-0.061007348	-0.001778138	0.068264142	0.120634664	0.116797046
1998-10	163.9	28.36495032	124	22.87495994	17.30625401	89.4857	1309.7	3.96	-0.151983832	0.007939964	0.072083921	-0.063362212	-0.064191502
1998-11	164.1	24.66124661	123.6	19.95246489	15.02818197	89.4358	1388.06	4.41	0.107630664	-0.000557787	0.056889473	-0.13669017	-0.141140703
1998-12	164.4	22.13188799	122.8	18.02271009	13.46221897	89.7761	1479.16	4.39	-0.004545462	0.003797743	0.061740786	-0.101720055	-0.110040069
1999-01	164.7	24.72899729	122.9	20.12123457	15.0145703	90.1893	1551.65	4.34	-0.011454879	0.004592002	0.046021367	0.11014307	0.109133916
1999-02	164.7	23.03523035	122.3	18.83502073	13.98617508	90.6683	1488.1	4.44	0.022780028	0.005296997	-0.041818742	-0.066057762	-0.070951736
1999-03	164.8	27.37127371	122.6	22.32567187	16.60878259	90.831	1549.7	4.44	0	0.001792845	0.039954245	0.17001928	0.17186228
1999-04	165.9	34.2366757	123.6	27.69957581	20.63693532	91.0632	1595.53	4.29	-0.034367644	0.002553134	0.022492026	0.215679878	0.21715082
1999-05	166	34.37217706	124.7	27.563895	20.70613076	91.7311	1562.23	4.5	0.047790664	0.0073077	-0.021694273	-0.004910335	0.003347381
1999-06	166	35.2303523	125.2	28.13925903	21.2231038	91.5818	1658.51	4.57	0.015435808	-0.001628909	0.059805321	0.020658956	0.024660562
1999-07	166.7	42.25383921	125.7	33.61482833	25.34723408	92.1587	1615.07	4.55	-0.004385972	0.006279529	-0.030749311	0.177801569	0.177579225
1999-08	167.1	45.55103884	126.9	35.89522367	27.25974796	92.5363	1618.27	4.72	0.036681567	0.004088909	-0.000417268	0.065636952	0.072741566
1999-09	167.8	49.93224932	128	39.00956978	29.75700198	92.1699	1581.31	4.68	-0.00851069	-0.003967387	-0.027284418	0.083202754	0.087653285
1999-10	168.1	49.95483288	127.7	39.1188981	29.71733068	93.3786	1655.19	4.86	0.037740328	0.013028584	0.043875942	0.002798683	-0.001334065
1999-11	168.4	55.44263776	128.3	43.21327963	32.92318157	93.824	1715.19	5.07	0.04230238	0.00475849	0.033824994	0.099542169	0.102446616
1999-12	168.8	57.54290876	127.8	45.0257502	34.08940092	94.5441	1841.92	5.2	0.025317808	0.007645705	0.068912164	0.041086706	0.034809496
2000-01	169.3	56.95573622	128.3	44.39262371	33.64189972	94.5458	1736.02	5.32	0.022814678	1.79809E-05	-0.062171076	-0.01416123	-0.013214207
2000-02	170	62.39837398	129.8	48.07270723	36.70492587	94.8185	1728.4	5.55	0.042324624	0.002880165	-0.00852516	0.079641276	0.08713866
2000-03	171	62.03703704	130.8	47.4289274	36.27896903	95.1983	1877.67	5.69	0.02491232	0.003997547	0.076970402	-0.013482273	-0.011672758
2000-04	170.9	50.90334237	130.7	38.94670419	29.78545487	95.8921	1814.25	5.66	-0.005286356	0.007261517	-0.033774521	-0.197038173	-0.197218025
2000-05	171.2	61.87895212	131.6	47.02048033	36.14424773	96.0691	1746.72	5.79	0.022708399	0.001844123	-0.039686289	0.188389106	0.193497631
2000-06	172.2	67.02800361	133.8	50.09566787	38.92450848	96.1568	1818.64	5.69	-0.017422043	0.000912468	0.034525097	0.063351276	0.074106277
2000-07	172.7	64.38572719	133.7	48.15686402	37.28183393	96.0239	1750.82	5.96	0.046360233	-0.001383074	-0.040904113	-0.039470852	-0.043117908
2000-08	172.7	67.50225836	132.9	50.79176701	39.08642638	95.7182	1844.92	6.09	0.021577601	-0.003188661	0.052351667	0.053270592	0.047269073
2000-09	173.6	73.66757001	134.7	54.69010394	42.43523618	96.1105	1711.55	6	-0.014888612	0.004090113	-0.08023434	0.073948503	0.082203804
2000-10	173.9	69.85094851	135.4	51.58858826	40.16730794	95.8225	1703.82	6.11	0.018167304	-0.003001049	-0.006253223	-0.058382288	-0.05492563
2000-11	174.2	73.44173442	135	54.40128476	42.15943423	95.8391	1554.92	6.17	0.009772065	0.000173222	-0.093172335	0.05308728	0.048405055
2000-12	174.6	57.09123758	136.2	41.91720821	32.69830331	95.5791	1527.86	5.77	-0.067026757	-0.002716567	-0.019849613	-0.260691331	-0.254135294
2001-01	175.6	57.90424571	140	41.36017551	32.97508298	94.9499	1604.01	5.15	-0.113675366	-0.006604793	0.042927643	-0.013377966	0.008429025
2001-02	176	61.90153568	137.4	45.05206381	35.17132709	94.369	1438.05	4.88	-0.053851495	-0.006136755	-0.111494028	0.085500321	0.064478964
2001-03	176.1	55.10388437	135.9	40.54737628	31.29124609	94.1259	1330.63	4.42	-0.099005524	-0.002579382	-0.078203535	-0.105347719	-0.116892798
2001-04	176.4	57.70099368	136.4	42.30278129	32.71031388	93.9061	1447.34	3.87	-0.132885189	-0.002337901	0.082372747	0.04238176	0.044352056
2001-05	177.3	64.25022584	136.8	46.96653936	36.23814204	93.2803	1446.9	3.62	-0.066780481	-0.006686408	-0.005393122	0.104582584	0.102421774
2001-06	177.7	62.60162602	135.5	46.20046201	35.22882725	92.7057	1407.46	3.49	-0.03657229	-0.006178979	-0.029890197	-0.016445621	-0.028247508
2001-07	177.4	55.4200542	133.4	41.54426852	31.24016584	92.1721	1396.86	3.51	0.005714301	-0.005772478	-0.005870136	-0.106230228	-0.12016007
2001-08	177.4	57.97199639	133.4	43.45726866	32.67869019	92.0023	1304.49	3.36	-0.043675064	-0.001843905	-0.068414701	0.045018556	0.045018556
2001-09	178.1	57.67841012	133.3	43.269625	32.38540714	91.6795	1194.6	2.64	-0.241162057	-0.003514778	-0.091938879	-0.004327238	-0.009015265
2001-10	177.6	46.25112918	130.3	35.49587811	26.04230247	91.2682	1227.9	2.16	-0.200670695	-0.004496375	0.030305352	-0.198034307	-0.217985691
2001-11	177.5	42.77326107	129.8	32.95320576	24.09761187	90.7894	1328.51	1.87	-0.144169791	-0.005259886	0.079315842	-0.074328033	-0.077609491
2001-12	177.4	42.00542005	128.1	32.79111635	23.6783653	90.8311	1333.94	1.69	-0.101209902	0.000459199	0.004642495	-0.004930912	-0.017550968
2002-01	177.7	43.99277326	128.5	34.23562121	24.75676604	91.3471	1315.08	1.65	-0.023953241	0.005664798	-0.015929134	0.043109022	0.044537052
2002-02	178	45.82204155	128.4	35.68694825	25.74271997	91.3672	1285.74	1.73	0.047346121	0.000220016	-0.024249887	0.041518369	0.03905304
2002-03	178.5	53.50045167	129.8	41.21760529	29.97224183	92.1054	1321.09	1.79	0.034094211	0.008047022	0.024317674	0.144080451	0.152119813
2002-04	179.3	57.92682927	130.8	44.28656672	32.30721097	92.479	1227.61	1.72	-0.039891329	0.004048018	-0.077859743	0.071815919	0.075018774
2002-05	179.5	57.42999097	130.8	43.90672093	31.99442394	92.8824	1219.02	1.73	0.005797118	0.004352585	-0.00813676	-0.008613992	-0.009728819
2002-06	179.6	54.49412827	130.9	41.63035009	30.34194224	93.7637	1122.78	1.7	-0.017493157	0.009443611	-0.082796452	-0.053237934	-0.053030648
2002-07	180	58.19783198	131.2	44.35810364	32.33212888	93.5461	1038.85	1.68	-0.011834458	-0.002323425	-0.079918116	0.063465942	0.06353045
2002-08	180.5	60.14001807	131.5	45.73385405	33.31856957	93.5765	1039.36	1.62	-0.036367644	0.000324921	-0.00228312	0.0305434	0.030053448
2002-09	180.8	64.00180668	132.3	48.37627111	35.39922936	93.7116	927.21	1.63	0.006153866	0.001442697	-0.115841011	0.056170615	0.060575164
2002-10	181.2	62.21770551	133.2	46.70998912	34.33648207	93.4006	1012.7	1.58	-0.031155168	-0.003324212	0.085985288	-0.035051386	-0.030481644
2002-11	181.5	55.32971996	133.1	41.57003754	30.48469419	93.8758	1077.16	1.23	-0.250410678	0.005074863	0.060053657	-0.116578385	-0.118983678
2002-12	181.8	64.40831075	132.9	48.46374022	35.42811372	93.4191	1005.99	1.19	-0.033060862	-0.004876811	-0.070007345	0.153436238	0.15028095
2003-01	182.6	70.66395664	135.3	52.22761023	38.69877143	93.9571	976.66	1.17	-0.016949558	0.005742474	-0.033979609	0.074795393	0.088302176
2003-02	183.6	73.73532069	137.6	53.58671562	40.16085005	94.2558	966.23	1.17	0	0.003174068	-0.016198196	0.025689908	0.037084788
2003-03	183.9	68.51851852	141.2	48.52586297	37.25857451	94.0416	976.51	1.13	-0.034786116	-0.002275125	0.008950436	-0.099204281	-0.075010535
2003-04	183.2	56.50406504	136.8	41.30414111	30.84283026	93.3666	1044.92	1.13	0	-0.007203558	0.071524295	-0.161134149	-0.18897779
2003-05	182.9	58.28816621	136.7	42.63947784	31.86887163	93.3852	1096.94	1.07	-0.054558984	0.000199195	0.050223055	0.03181777	0.032725405
2003-06	183.1	62.21770551	138	45.08529385	33.98017778	93.5219	1113.16	0.92	-0.151040257	0.001462759	0.013585436	0.055775581	0.064147626
2003-07	183.7	64.13730804	137.7	46.57756575	34.91415789	93.9144	1127.2	0.9	-0.021978907	0.004188096	0.009262323	0.032562889	0.027115069
2003-08	184.5	67.366757	138	48.81649058	36.51314743	93.7371	1157.11	0.95	0.054067221	-0.001889674	0.021843364	0.046949174	0.044779982
2003-09	185.1	61.20144535	138.5	44.18876921	33.06398992	94.3262	1135.5	0.94	-0.010582109	0.006264932	-0.022099191	-0.099597511	-0.099227627
2003-10	184.9	66.82475158	139.3	47.97182454	36.14102303	94.4442	1195.03	0.92	-0.021506205	0.001250196	0.052179288	0.082143183	0.08898382
2003-11	185	64.97289973	138.9	46.77674567	35.12048634	95.2224	1208.15	0.93	0.010810916	0.008206024	0.010378288	-0.025227658	-0.028643976
2003-12	185.5	67.4796748	139.5	48.37252674	36.37718318	95.1545	1271.07	0.9	-0.032789823	-0.000713322	0.048069744	0.033545831	0.035157126
2004-01	186.3	70.41553749	141.4	49.79882425	37.79685319	95.3434	1290.42	0.88	-0.022472856	0.001983225	0.010805286	0.029059351	0.038284108
2004-02	186.7	69.71544715	142.1	49.06083543	37.34089296	95.9228	1301.96	0.93	0.055262679	0.00605859	0.006758302	-0.014930307	-0.012136798
2004-03	187.1	76.33242999	143.1	53.34201956	40.79766435	95.4538	1277.42	0.94	0.010695289	-0.00490134	-0.021168585	0.083663313	0.088535781
2004-04	187.4	75.33875339	144.8	52.02952582	40.2021096	95.8653	1268.29	0.94	0	0.00430172	-0.008775019	-0.024913018	-0.014705361
2004-05	188.2	85.63685637	146.8	58.33573322	45.50311178	96.6472	1281.97	1.02	0.081678031	0.008123154	0.006468563	0.114403464	0.123861243
2004-06	188.9	79.47154472	147.2	53.98882114	42.07069599	95.8588	1309.43	1.27	0.219214273	-0.008190959	0.017481423	-0.077437816	-0.078429273
2004-07	189.1	86.65311653	147.4	58.7877317	45.82396432	96.5901	1258.47	1.33	0.046162042	0.007599976	-0.040753432	0.085156179	0.085455752
2004-08	189.2	97.1770551	148	65.66017236	51.36207986	96.6687	1249.12	1.48	0.106863146	0.000813417	-0.007986075	0.110559349	0.114092962
2004-09	189.8	97.96747967	147.7	66.32869307	51.61616421	96.745	1267.35	1.65	0.1087332	0.000788982	0.011322573	0.010130043	0.004934729
2004-10	190.8	112.398374	150	74.93224933	58.90900105	97.6604	1286.06	1.76	0.064538521	0.009417503	0.009400302	0.121961783	0.132159015
2004-11	191.7	97.22222222	151.4	64.21547042	50.71581754	97.8427	1339.3	2.07	0.162234798	0.001864933	0.035857917	-0.154340209	-0.149756053
2004-12	191.7	89.5438121	150.2	59.61638622	46.71038712	98.5495	1380.33	2.19	0.056352937	0.007197873	0.030175512	-0.074313681	-0.082271283
2005-01	191.6	100	150.9	66.26905235	52.19206681	99.002	1344.15	2.33	0.061966724	0.004581092	-0.026038973	0.105792533	0.110963944
2005-02	192.4	102.8906956	151.6	67.86985198	53.47749252	99.6741	1379.25	2.54	0.086295813	0.006765812	0.021611357	0.023868924	0.024330358
2005-03	193.1	119.8735321	153.7	77.99188816	62.07847338	99.5181	1359.07	2.74	0.075793839	-0.001566327	-0.018370882	0.139012894	0.14913842
2005-04	193.7	117.1183379	155	75.560218	60.46377796	99.6518	1323.45	2.78	0.014493007	0.001342573	-0.02966106	-0.031674896	-0.02635481
2005-05	193.6	109.9141825	154.3	71.23407809	56.7738546	99.8158	1366.41	2.84	0.021353124	0.001644378	0.032461295	-0.058958599	-0.062968561
2005-06	193.7	122.6513098	154.3	79.48885924	63.32024254	100.2232	1360.04	2.97	0.044757901	0.004073211	-0.005189147	0.109645548	0.109129152
2005-07	194.9	130.0361337	156.3	83.19650269	66.71941185	99.8997	1417.32	3.22	0.080819407	-0.003233016	0.035077617	0.045588435	0.052290877
2005-08	196.1	144.7380307	157.6	91.83885197	73.80827675	100.1025	1404.42	3.44	0.066090112	0.002027978	-0.015281485	0.09883012	0.100974934
2005-09	198.8	142.2312556	162.2	87.68881356	71.54489718	98.2644	1410.87	3.42	-0.00583092	-0.018532856	-0.009092432	-0.046241094	-0.031145691
2005-10	199.1	132.1589883	166.2	79.5180435	66.37819603	99.4949	1369.33	3.71	0.081391326	0.012444582	-0.031392883	-0.09781038	-0.074956556
2005-11	198.1	125.4065041	163.7	76.60751625	63.30464619	100.5129	1416.15	3.88	0.044803277	0.010179691	0.03865561	-0.037288763	-0.047409904
2005-12	198.1	128.1616983	163	78.62680877	64.69545598	101.1118	1413	3.89	0.002574004	0.005940758	-0.002226818	0.026017525	0.021732241
